================================================================================
All Sample Indices - BALANCED Mode
================================================================================

Case Type 1: ARE True Reject, CE False Accept (wrong predictions)
--------------------------------------------------------------------------------
Total: 590 samples
All indices: [36, 37, 47, 84, 87, 104, 156, 186, 192, 197, 218, 221, 231, 275, 310, 314, 315, 345, 359, 360, 420, 444, 447, 448, 463, 472, 476, 504, 513, 521, 528, 533, 541, 572, 578, 593, 636, 688, 702, 709, 716, 744, 764, 781, 782, 825, 826, 829, 839, 847, 872, 875, 899, 902, 918, 929, 955, 999, 1003, 1038, 1049, 1073, 1084, 1118, 1121, 1135, 1138, 1154, 1163, 1172, 1185, 1189, 1204, 1230, 1239, 1240, 1287, 1313, 1319, 1325, 1346, 1352, 1353, 1359, 1375, 1377, 1381, 1384, 1443, 1453, 1463, 1466, 1492, 1493, 1496, 1502, 1512, 1527, 1536, 1549, 1550, 1559, 1632, 1642, 1676, 1677, 1698, 1704, 1705, 1728, 1764, 1767, 1768, 1792, 1812, 1817, 1832, 1841, 1848, 1868, 1913, 1914, 1926, 1929, 1930, 1940, 1954, 1957, 1960, 1983, 2005, 2010, 2071, 2073, 2089, 2109, 2127, 2170, 2194, 2205, 2265, 2275, 2294, 2299, 2309, 2326, 2334, 2345, 2352, 2374, 2377, 2387, 2403, 2462, 2479, 2480, 2542, 2587, 2588, 2605, 2614, 2619, 2640, 2655, 2656, 2704, 2705, 2706, 2712, 2753, 2755, 2791, 2798, 2809, 2824, 2874, 2899, 2912, 2920, 2938, 2947, 2980, 3007, 3020, 3039, 3043, 3079, 3084, 3106, 3126, 3147, 3157, 3173, 3208, 3209, 3235, 3238, 3307, 3313, 3344, 3361, 3362, 3368, 3379, 3380, 3421, 3438, 3445, 3454, 3463, 3509, 3517, 3556, 3571, 3579, 3590, 3615, 3661, 3662, 3748, 3749, 3784, 3790, 3824, 3843, 3848, 3872, 3880, 3885, 3909, 3920, 3922, 3943, 3958, 3968, 3977, 3982, 3992, 4021, 4039, 4059, 4065, 4070, 4085, 4117, 4119, 4120, 4176, 4180, 4184, 4197, 4227, 4243, 4263, 4269, 4272, 4277, 4286, 4300, 4302, 4316, 4341, 4350, 4352, 4355, 4408, 4428, 4479, 4497, 4508, 4526, 4529, 4543, 4558, 4568, 4606, 4618, 4647, 4652, 4672, 4696, 4699, 4707, 4718, 4739, 4750, 4767, 4769, 4780, 4798, 4802, 4850, 4871, 4928, 4929, 4946, 4953, 4989, 5017, 5028, 5053, 5055, 5068, 5104, 5105, 5128, 5166, 5168, 5170, 5202, 5208, 5233, 5255, 5273, 5293, 5313, 5331, 5334, 5351, 5388, 5422, 5433, 5442, 5444, 5449, 5483, 5508, 5510, 5560, 5620, 5717, 5720, 5740, 5741, 5754, 5769, 5808, 5819, 5832, 5838, 5847, 5854, 5856, 5858, 5903, 5908, 5931, 5944, 5953, 5959, 5963, 5980, 5996, 6009, 6029, 6051, 6068, 6103, 6142, 6152, 6157, 6164, 6166, 6177, 6195, 6285, 6298, 6313, 6347, 6348, 6370, 6373, 6397, 6416, 6439, 6452, 6498, 6522, 6532, 6534, 6539, 6554, 6566, 6575, 6581, 6600, 6609, 6623, 6642, 6645, 6678, 6685, 6700, 6722, 6736, 6743, 6771, 6810, 6856, 6862, 6881, 6885, 6907, 6923, 6954, 6996, 6998, 6999, 7002, 7034, 7035, 7047, 7074, 7096, 7129, 7133, 7136, 7164, 7173, 7181, 7182, 7185, 7198, 7227, 7233, 7264, 7265, 7306, 7311, 7346, 7358, 7369, 7383, 7384, 7389, 7397, 7408, 7416, 7426, 7445, 7447, 7480, 7503, 7533, 7547, 7567, 7570, 7591, 7609, 7613, 7619, 7635, 7639, 7640, 7673, 7689, 7696, 7714, 7729, 7733, 7765, 7778, 7783, 7789, 7803, 7805, 7809, 7817, 7832, 7833, 7870, 7874, 7878, 7907, 7912, 7927, 7942, 7943, 7946, 7982, 7993, 8004, 8071, 8083, 8108, 8143, 8144, 8167, 8171, 8181, 8184, 8185, 8200, 8201, 8210, 8224, 8226, 8262, 8264, 8267, 8281, 8338, 8381, 8443, 8451, 8455, 8465, 8498, 8532, 8540, 8577, 8587, 8591, 8599, 8643, 8646, 8678, 8698, 8747, 8748, 8803, 8810, 8816, 8825, 8835, 8854, 8879, 8895, 8904, 8928, 8957, 8965, 8973, 9020, 9033, 9041, 9048, 9075, 9088, 9095, 9100, 9117, 9120, 9130, 9140, 9182, 9198, 9229, 9270, 9284, 9323, 9329, 9339, 9348, 9382, 9388, 9391, 9414, 9430, 9455, 9463, 9503, 9504, 9536, 9601, 9608, 9610, 9632, 9635, 9666, 9677, 9705, 9751, 9754, 9759, 9770, 9804, 9817, 9824, 9830, 9840, 9870, 9883, 9899, 9936, 9950, 9975, 9991, 9994, 9998]

Case Type 2: ARE True Accept, CE False Reject (correct predictions)
--------------------------------------------------------------------------------
Total: 289 samples
All indices: [50, 54, 107, 117, 172, 249, 259, 291, 357, 427, 552, 556, 561, 571, 577, 670, 686, 752, 775, 785, 842, 844, 925, 940, 942, 1105, 1108, 1145, 1197, 1295, 1306, 1329, 1354, 1361, 1404, 1417, 1424, 1480, 1568, 1592, 1607, 1625, 1639, 1647, 1653, 1667, 1683, 1747, 1777, 1800, 1863, 1891, 2030, 2114, 2116, 2142, 2174, 2234, 2236, 2272, 2292, 2303, 2366, 2394, 2402, 2409, 2435, 2441, 2443, 2487, 2504, 2533, 2654, 2665, 2729, 2743, 2780, 2800, 2813, 2828, 2851, 2861, 2882, 2889, 2923, 2928, 2943, 2994, 3003, 3026, 3046, 3064, 3104, 3159, 3225, 3236, 3242, 3257, 3335, 3351, 3360, 3392, 3403, 3466, 3511, 3528, 3585, 3632, 3676, 3718, 3800, 3815, 3870, 3933, 3969, 3994, 4008, 4023, 4028, 4030, 4046, 4083, 4124, 4170, 4183, 4186, 4198, 4205, 4230, 4250, 4290, 4354, 4393, 4411, 4445, 4451, 4488, 4582, 4614, 4617, 4635, 4664, 4708, 4742, 4758, 4768, 4807, 4845, 4896, 4925, 4927, 4939, 4949, 4986, 4990, 5022, 5065, 5135, 5177, 5213, 5280, 5282, 5345, 5353, 5375, 5458, 5505, 5507, 5598, 5633, 5669, 5695, 5704, 5712, 5752, 5770, 5797, 5816, 5828, 5889, 5917, 5952, 5979, 5997, 6002, 6094, 6096, 6131, 6156, 6176, 6302, 6319, 6362, 6368, 6382, 6386, 6549, 6564, 6572, 6586, 6612, 6643, 6671, 6709, 6750, 6756, 6842, 6905, 6926, 6931, 6957, 6971, 6980, 7191, 7205, 7248, 7307, 7319, 7350, 7376, 7450, 7498, 7501, 7518, 7526, 7532, 7622, 7671, 7698, 7701, 7709, 7728, 7775, 7864, 7924, 7932, 7933, 7966, 7981, 7992, 8025, 8057, 8096, 8145, 8180, 8290, 8362, 8519, 8570, 8683, 8685, 8758, 8774, 8800, 8842, 8882, 8900, 8984, 8993, 9007, 9022, 9024, 9109, 9116, 9147, 9161, 9176, 9194, 9197, 9226, 9357, 9377, 9520, 9535, 9546, 9566, 9579, 9628, 9660, 9762, 9781, 9793, 9794, 9836, 9851, 9873, 9900, 9933, 9939]

Breakdown by Rejection Rate:
--------------------------------------------------------------------------------

Rejection Rate 0.40:
  Type 1 (ARE True Reject): 590 samples
    Indices: [36, 37, 47, 84, 87, 104, 156, 186, 192, 197, 218, 221, 231, 275, 310, 314, 315, 345, 359, 360, 420, 444, 447, 448, 463, 472, 476, 504, 513, 521, 528, 533, 541, 572, 578, 593, 636, 688, 702, 709, 716, 744, 764, 781, 782, 825, 826, 829, 839, 847, 872, 875, 899, 902, 918, 929, 955, 999, 1003, 1038, 1049, 1073, 1084, 1118, 1121, 1135, 1138, 1154, 1163, 1172, 1185, 1189, 1204, 1230, 1239, 1240, 1287, 1313, 1319, 1325, 1346, 1352, 1353, 1359, 1375, 1377, 1381, 1384, 1443, 1453, 1463, 1466, 1492, 1493, 1496, 1502, 1512, 1527, 1536, 1549, 1550, 1559, 1632, 1642, 1676, 1677, 1698, 1704, 1705, 1728, 1764, 1767, 1768, 1792, 1812, 1817, 1832, 1841, 1848, 1868, 1913, 1914, 1926, 1929, 1930, 1940, 1954, 1957, 1960, 1983, 2005, 2010, 2071, 2073, 2089, 2109, 2127, 2170, 2194, 2205, 2265, 2275, 2294, 2299, 2309, 2326, 2334, 2345, 2352, 2374, 2377, 2387, 2403, 2462, 2479, 2480, 2542, 2587, 2588, 2605, 2614, 2619, 2640, 2655, 2656, 2704, 2705, 2706, 2712, 2753, 2755, 2791, 2798, 2809, 2824, 2874, 2899, 2912, 2920, 2938, 2947, 2980, 3007, 3020, 3039, 3043, 3079, 3084, 3106, 3126, 3147, 3157, 3173, 3208, 3209, 3235, 3238, 3307, 3313, 3344, 3361, 3362, 3368, 3379, 3380, 3421, 3438, 3445, 3454, 3463, 3509, 3517, 3556, 3571, 3579, 3590, 3615, 3661, 3662, 3748, 3749, 3784, 3790, 3824, 3843, 3848, 3872, 3880, 3885, 3909, 3920, 3922, 3943, 3958, 3968, 3977, 3982, 3992, 4021, 4039, 4059, 4065, 4070, 4085, 4117, 4119, 4120, 4176, 4180, 4184, 4197, 4227, 4243, 4263, 4269, 4272, 4277, 4286, 4300, 4302, 4316, 4341, 4350, 4352, 4355, 4408, 4428, 4479, 4497, 4508, 4526, 4529, 4543, 4558, 4568, 4606, 4618, 4647, 4652, 4672, 4696, 4699, 4707, 4718, 4739, 4750, 4767, 4769, 4780, 4798, 4802, 4850, 4871, 4928, 4929, 4946, 4953, 4989, 5017, 5028, 5053, 5055, 5068, 5104, 5105, 5128, 5166, 5168, 5170, 5202, 5208, 5233, 5255, 5273, 5293, 5313, 5331, 5334, 5351, 5388, 5422, 5433, 5442, 5444, 5449, 5483, 5508, 5510, 5560, 5620, 5717, 5720, 5740, 5741, 5754, 5769, 5808, 5819, 5832, 5838, 5847, 5854, 5856, 5858, 5903, 5908, 5931, 5944, 5953, 5959, 5963, 5980, 5996, 6009, 6029, 6051, 6068, 6103, 6142, 6152, 6157, 6164, 6166, 6177, 6195, 6285, 6298, 6313, 6347, 6348, 6370, 6373, 6397, 6416, 6439, 6452, 6498, 6522, 6532, 6534, 6539, 6554, 6566, 6575, 6581, 6600, 6609, 6623, 6642, 6645, 6678, 6685, 6700, 6722, 6736, 6743, 6771, 6810, 6856, 6862, 6881, 6885, 6907, 6923, 6954, 6996, 6998, 6999, 7002, 7034, 7035, 7047, 7074, 7096, 7129, 7133, 7136, 7164, 7173, 7181, 7182, 7185, 7198, 7227, 7233, 7264, 7265, 7306, 7311, 7346, 7358, 7369, 7383, 7384, 7389, 7397, 7408, 7416, 7426, 7445, 7447, 7480, 7503, 7533, 7547, 7567, 7570, 7591, 7609, 7613, 7619, 7635, 7639, 7640, 7673, 7689, 7696, 7714, 7729, 7733, 7765, 7778, 7783, 7789, 7803, 7805, 7809, 7817, 7832, 7833, 7870, 7874, 7878, 7907, 7912, 7927, 7942, 7943, 7946, 7982, 7993, 8004, 8071, 8083, 8108, 8143, 8144, 8167, 8171, 8181, 8184, 8185, 8200, 8201, 8210, 8224, 8226, 8262, 8264, 8267, 8281, 8338, 8381, 8443, 8451, 8455, 8465, 8498, 8532, 8540, 8577, 8587, 8591, 8599, 8643, 8646, 8678, 8698, 8747, 8748, 8803, 8810, 8816, 8825, 8835, 8854, 8879, 8895, 8904, 8928, 8957, 8965, 8973, 9020, 9033, 9041, 9048, 9075, 9088, 9095, 9100, 9117, 9120, 9130, 9140, 9182, 9198, 9229, 9270, 9284, 9323, 9329, 9339, 9348, 9382, 9388, 9391, 9414, 9430, 9455, 9463, 9503, 9504, 9536, 9601, 9608, 9610, 9632, 9635, 9666, 9677, 9705, 9751, 9754, 9759, 9770, 9804, 9817, 9824, 9830, 9840, 9870, 9883, 9899, 9936, 9950, 9975, 9991, 9994, 9998]
  Type 2 (ARE True Accept): 289 samples
    Indices: [50, 54, 107, 117, 172, 249, 259, 291, 357, 427, 552, 556, 561, 571, 577, 670, 686, 752, 775, 785, 842, 844, 925, 940, 942, 1105, 1108, 1145, 1197, 1295, 1306, 1329, 1354, 1361, 1404, 1417, 1424, 1480, 1568, 1592, 1607, 1625, 1639, 1647, 1653, 1667, 1683, 1747, 1777, 1800, 1863, 1891, 2030, 2114, 2116, 2142, 2174, 2234, 2236, 2272, 2292, 2303, 2366, 2394, 2402, 2409, 2435, 2441, 2443, 2487, 2504, 2533, 2654, 2665, 2729, 2743, 2780, 2800, 2813, 2828, 2851, 2861, 2882, 2889, 2923, 2928, 2943, 2994, 3003, 3026, 3046, 3064, 3104, 3159, 3225, 3236, 3242, 3257, 3335, 3351, 3360, 3392, 3403, 3466, 3511, 3528, 3585, 3632, 3676, 3718, 3800, 3815, 3870, 3933, 3969, 3994, 4008, 4023, 4028, 4030, 4046, 4083, 4124, 4170, 4183, 4186, 4198, 4205, 4230, 4250, 4290, 4354, 4393, 4411, 4445, 4451, 4488, 4582, 4614, 4617, 4635, 4664, 4708, 4742, 4758, 4768, 4807, 4845, 4896, 4925, 4927, 4939, 4949, 4986, 4990, 5022, 5065, 5135, 5177, 5213, 5280, 5282, 5345, 5353, 5375, 5458, 5505, 5507, 5598, 5633, 5669, 5695, 5704, 5712, 5752, 5770, 5797, 5816, 5828, 5889, 5917, 5952, 5979, 5997, 6002, 6094, 6096, 6131, 6156, 6176, 6302, 6319, 6362, 6368, 6382, 6386, 6549, 6564, 6572, 6586, 6612, 6643, 6671, 6709, 6750, 6756, 6842, 6905, 6926, 6931, 6957, 6971, 6980, 7191, 7205, 7248, 7307, 7319, 7350, 7376, 7450, 7498, 7501, 7518, 7526, 7532, 7622, 7671, 7698, 7701, 7709, 7728, 7775, 7864, 7924, 7932, 7933, 7966, 7981, 7992, 8025, 8057, 8096, 8145, 8180, 8290, 8362, 8519, 8570, 8683, 8685, 8758, 8774, 8800, 8842, 8882, 8900, 8984, 8993, 9007, 9022, 9024, 9109, 9116, 9147, 9161, 9176, 9194, 9197, 9226, 9357, 9377, 9520, 9535, 9546, 9566, 9579, 9628, 9660, 9762, 9781, 9793, 9794, 9836, 9851, 9873, 9900, 9933, 9939]
