================================================================================
All Sample Indices - WORST Mode
================================================================================

Case Type 1: ARE True Reject, CE False Accept (wrong predictions)
--------------------------------------------------------------------------------
Total: 331 samples
All indices: [36, 47, 74, 84, 87, 156, 310, 314, 315, 336, 360, 379, 448, 463, 472, 488, 525, 572, 636, 673, 688, 781, 792, 803, 829, 839, 899, 914, 929, 974, 1022, 1071, 1084, 1135, 1155, 1202, 1204, 1239, 1294, 1309, 1315, 1346, 1353, 1359, 1395, 1400, 1410, 1444, 1492, 1493, 1502, 1506, 1510, 1520, 1541, 1571, 1584, 1601, 1636, 1642, 1663, 1677, 1690, 1703, 1705, 1768, 1817, 1848, 1930, 1936, 1940, 1970, 1983, 2008, 2010, 2026, 2043, 2076, 2089, 2109, 2187, 2191, 2192, 2205, 2265, 2294, 2326, 2345, 2359, 2360, 2364, 2377, 2387, 2427, 2450, 2610, 2643, 2706, 2759, 2809, 2883, 2894, 2899, 2920, 2927, 2930, 3215, 3234, 3290, 3292, 3305, 3313, 3325, 3366, 3369, 3379, 3397, 3438, 3445, 3529, 3579, 3634, 3638, 3655, 3661, 3662, 3692, 3707, 3760, 3801, 3848, 3860, 3872, 3914, 3922, 3956, 3958, 3985, 4039, 4155, 4157, 4197, 4227, 4277, 4332, 4352, 4360, 4460, 4501, 4526, 4618, 4687, 4693, 4696, 4769, 4773, 4791, 4808, 4849, 4871, 4880, 4898, 4914, 5017, 5054, 5055, 5111, 5129, 5190, 5233, 5255, 5293, 5309, 5364, 5382, 5433, 5460, 5466, 5501, 5541, 5639, 5738, 5740, 5741, 5751, 5769, 5851, 5932, 5938, 5963, 5966, 5971, 6009, 6029, 6061, 6138, 6142, 6194, 6195, 6216, 6242, 6298, 6331, 6370, 6446, 6554, 6611, 6650, 6674, 6689, 6722, 6752, 6766, 6771, 6808, 6810, 6835, 6881, 6936, 6946, 6996, 7096, 7129, 7181, 7203, 7346, 7356, 7358, 7363, 7369, 7397, 7426, 7480, 7520, 7547, 7548, 7559, 7564, 7570, 7574, 7587, 7611, 7634, 7650, 7670, 7696, 7733, 7789, 7799, 7817, 7821, 7872, 7912, 7943, 7982, 7993, 8069, 8083, 8108, 8110, 8144, 8171, 8185, 8188, 8210, 8224, 8278, 8281, 8292, 8403, 8455, 8481, 8493, 8518, 8577, 8632, 8694, 8715, 8748, 8784, 8796, 8822, 8825, 8837, 8854, 8856, 8879, 8904, 8946, 8994, 9014, 9020, 9035, 9038, 9041, 9117, 9129, 9130, 9137, 9184, 9244, 9270, 9272, 9308, 9335, 9339, 9348, 9391, 9414, 9424, 9516, 9531, 9536, 9602, 9608, 9666, 9699, 9724, 9731, 9750, 9751, 9759, 9763, 9770, 9824, 9830, 9839, 9840, 9899, 9947, 9976]

Case Type 2: ARE True Accept, CE False Reject (correct predictions)
--------------------------------------------------------------------------------
Total: 196 samples
All indices: [93, 166, 202, 249, 259, 309, 365, 417, 532, 556, 717, 867, 890, 912, 922, 930, 942, 964, 982, 1065, 1080, 1109, 1158, 1161, 1218, 1296, 1306, 1355, 1404, 1459, 1485, 1568, 1621, 1627, 1639, 1695, 1716, 1789, 1799, 1829, 1830, 1845, 1849, 1859, 1878, 1879, 1911, 1922, 2030, 2058, 2061, 2163, 2236, 2255, 2313, 2320, 2353, 2441, 2495, 2581, 2617, 2672, 2691, 2763, 2770, 2800, 2902, 2977, 3108, 3140, 3257, 3319, 3335, 3384, 3482, 3522, 3525, 3548, 3592, 3606, 3660, 3764, 3777, 3852, 3855, 4124, 4125, 4231, 4233, 4370, 4426, 4451, 4521, 4528, 4547, 4572, 4588, 4615, 4617, 4711, 4753, 4765, 4781, 4845, 4896, 4959, 4988, 5000, 5046, 5122, 5162, 5319, 5358, 5410, 5525, 5678, 5697, 5714, 5762, 5779, 5796, 5928, 5989, 5993, 6176, 6179, 6267, 6271, 6371, 6382, 6569, 6671, 6753, 6756, 6757, 6849, 6876, 6945, 6950, 6957, 7160, 7213, 7224, 7325, 7340, 7428, 7532, 7668, 7758, 7824, 7862, 7933, 7958, 7960, 7992, 8011, 8018, 8061, 8138, 8163, 8350, 8352, 8371, 8417, 8545, 8561, 8618, 8681, 8695, 8705, 8840, 8939, 9097, 9113, 9226, 9233, 9234, 9276, 9337, 9363, 9412, 9483, 9492, 9497, 9546, 9575, 9599, 9637, 9675, 9687, 9701, 9738, 9808, 9833, 9921, 9930]

Breakdown by Rejection Rate:
--------------------------------------------------------------------------------

Rejection Rate 0.40:
  Type 1 (ARE True Reject): 331 samples
    Indices: [36, 47, 74, 84, 87, 156, 310, 314, 315, 336, 360, 379, 448, 463, 472, 488, 525, 572, 636, 673, 688, 781, 792, 803, 829, 839, 899, 914, 929, 974, 1022, 1071, 1084, 1135, 1155, 1202, 1204, 1239, 1294, 1309, 1315, 1346, 1353, 1359, 1395, 1400, 1410, 1444, 1492, 1493, 1502, 1506, 1510, 1520, 1541, 1571, 1584, 1601, 1636, 1642, 1663, 1677, 1690, 1703, 1705, 1768, 1817, 1848, 1930, 1936, 1940, 1970, 1983, 2008, 2010, 2026, 2043, 2076, 2089, 2109, 2187, 2191, 2192, 2205, 2265, 2294, 2326, 2345, 2359, 2360, 2364, 2377, 2387, 2427, 2450, 2610, 2643, 2706, 2759, 2809, 2883, 2894, 2899, 2920, 2927, 2930, 3215, 3234, 3290, 3292, 3305, 3313, 3325, 3366, 3369, 3379, 3397, 3438, 3445, 3529, 3579, 3634, 3638, 3655, 3661, 3662, 3692, 3707, 3760, 3801, 3848, 3860, 3872, 3914, 3922, 3956, 3958, 3985, 4039, 4155, 4157, 4197, 4227, 4277, 4332, 4352, 4360, 4460, 4501, 4526, 4618, 4687, 4693, 4696, 4769, 4773, 4791, 4808, 4849, 4871, 4880, 4898, 4914, 5017, 5054, 5055, 5111, 5129, 5190, 5233, 5255, 5293, 5309, 5364, 5382, 5433, 5460, 5466, 5501, 5541, 5639, 5738, 5740, 5741, 5751, 5769, 5851, 5932, 5938, 5963, 5966, 5971, 6009, 6029, 6061, 6138, 6142, 6194, 6195, 6216, 6242, 6298, 6331, 6370, 6446, 6554, 6611, 6650, 6674, 6689, 6722, 6752, 6766, 6771, 6808, 6810, 6835, 6881, 6936, 6946, 6996, 7096, 7129, 7181, 7203, 7346, 7356, 7358, 7363, 7369, 7397, 7426, 7480, 7520, 7547, 7548, 7559, 7564, 7570, 7574, 7587, 7611, 7634, 7650, 7670, 7696, 7733, 7789, 7799, 7817, 7821, 7872, 7912, 7943, 7982, 7993, 8069, 8083, 8108, 8110, 8144, 8171, 8185, 8188, 8210, 8224, 8278, 8281, 8292, 8403, 8455, 8481, 8493, 8518, 8577, 8632, 8694, 8715, 8748, 8784, 8796, 8822, 8825, 8837, 8854, 8856, 8879, 8904, 8946, 8994, 9014, 9020, 9035, 9038, 9041, 9117, 9129, 9130, 9137, 9184, 9244, 9270, 9272, 9308, 9335, 9339, 9348, 9391, 9414, 9424, 9516, 9531, 9536, 9602, 9608, 9666, 9699, 9724, 9731, 9750, 9751, 9759, 9763, 9770, 9824, 9830, 9839, 9840, 9899, 9947, 9976]
  Type 2 (ARE True Accept): 196 samples
    Indices: [93, 166, 202, 249, 259, 309, 365, 417, 532, 556, 717, 867, 890, 912, 922, 930, 942, 964, 982, 1065, 1080, 1109, 1158, 1161, 1218, 1296, 1306, 1355, 1404, 1459, 1485, 1568, 1621, 1627, 1639, 1695, 1716, 1789, 1799, 1829, 1830, 1845, 1849, 1859, 1878, 1879, 1911, 1922, 2030, 2058, 2061, 2163, 2236, 2255, 2313, 2320, 2353, 2441, 2495, 2581, 2617, 2672, 2691, 2763, 2770, 2800, 2902, 2977, 3108, 3140, 3257, 3319, 3335, 3384, 3482, 3522, 3525, 3548, 3592, 3606, 3660, 3764, 3777, 3852, 3855, 4124, 4125, 4231, 4233, 4370, 4426, 4451, 4521, 4528, 4547, 4572, 4588, 4615, 4617, 4711, 4753, 4765, 4781, 4845, 4896, 4959, 4988, 5000, 5046, 5122, 5162, 5319, 5358, 5410, 5525, 5678, 5697, 5714, 5762, 5779, 5796, 5928, 5989, 5993, 6176, 6179, 6267, 6271, 6371, 6382, 6569, 6671, 6753, 6756, 6757, 6849, 6876, 6945, 6950, 6957, 7160, 7213, 7224, 7325, 7340, 7428, 7532, 7668, 7758, 7824, 7862, 7933, 7958, 7960, 7992, 8011, 8018, 8061, 8138, 8163, 8350, 8352, 8371, 8417, 8545, 8561, 8618, 8681, 8695, 8705, 8840, 8939, 9097, 9113, 9226, 9233, 9234, 9276, 9337, 9363, 9412, 9483, 9492, 9497, 9546, 9575, 9599, 9637, 9675, 9687, 9701, 9738, 9808, 9833, 9921, 9930]
